{
  "0": [{"cam_R_m2c": [-0.9981904625892639, -0.05716146528720856, 0.0186697319149971, -0.056568168103694916, 0.7872978448867798, -0.6139724850654602, 0.020396927371621132, -0.6139175295829773, -0.7891067266464233], "cam_t_m2c": [7.293255805969238, 0.8242353796958923, 756.9767456054688], "obj_id": 1}, {"cam_R_m2c": [0.6685261726379395, -0.7434542179107666, 0.018669724464416504, -0.5792034268379211, -0.5362473726272583, -0.6139724850654602, 0.46647199988365173, 0.3996431231498718, -0.7891066074371338], "cam_t_m2c": [6.459744453430176, 28.235076904296875, 792.2064819335938], "obj_id": 333}, {"cam_R_m2c": [0.6685261726379395, -0.018669994547963142, -0.7434542775154114, -0.5792034864425659, 0.6139722466468811, -0.5362475514411926, 0.4664720296859741, 0.7891067862510681, 0.3996427655220032], "cam_t_m2c": [1530.70751953125, -127.21502685546875, -1585.2930908203125], "obj_id": 333}, {"cam_R_m2c": [0.6685262322425842, 0.01866951398551464, 0.7434542179107666, -0.5792034268379211, -0.6139727234840393, 0.5362472534179688, 0.46647199988365173, -0.7891066074371338, -0.3996434509754181], "cam_t_m2c": [-1443.109130859375, -2272.204345703125, 13.279318809509277], "obj_id": 333}, {"cam_R_m2c": [0.018669912591576576, -0.7434542179107666, -0.6685262322425842, -0.6139726638793945, -0.5362473726272583, 0.5792032480239868, -0.7891064882278442, 0.3996431231498718, -0.46647223830223083], "cam_t_m2c": [1380.8515625, -2358.11669921875, 146.93707275390625], "obj_id": 333}, {"cam_R_m2c": [-0.018669795244932175, -0.7434542775154114, 0.6685263514518738, 0.6139723658561707, -0.5362476706504822, -0.5792036056518555, 0.7891069054603577, 0.3996431231498718, 0.46647170186042786], "cam_t_m2c": [-1293.253173828125, -41.30303955078125, -1718.9508056640625], "obj_id": 333}, {"cam_R_m2c": [0.6685261726379395, -0.7434542179107666, 0.018669750541448593, -0.5792033672332764, -0.5362473726272583, -0.6139724850654602, 0.4664720296859741, 0.39964309334754944, -0.7891066074371338], "cam_t_m2c": [193.156982421875, -6111.4892578125, -7098.8603515625], "obj_id": 333}],
  "1": [{"cam_R_m2c": [-0.6758254170417786, -0.7279642820358276, 0.11544765532016754, -0.26954203844070435, 0.09831449389457703, -0.9579569101333618, 0.6860082149505615, -0.6785295009613037, -0.2626604735851288], "cam_t_m2c": [4.648339748382568, 2.166666030883789, 953.2838134765625], "obj_id": 1}, {"cam_R_m2c": [0.9906612038612366, -0.07254090905189514, 0.11544765532016754, 0.0917300134897232, -0.27185365557670593, -0.9579569101333618, 0.10087591409683228, 0.9596007466316223, -0.2626606822013855], "cam_t_m2c": [-0.5058283805847168, 44.934715270996094, 965.0103149414062], "obj_id": 333}, {"cam_R_m2c": [0.9906612038612366, -0.11544767022132874, -0.07254087179899216, 0.0917300134897232, 0.9579567909240723, -0.2718537151813507, 0.10087589174509048, 0.26266077160835266, 0.9596006274223328], "cam_t_m2c": [375.47125244140625, -1327.272216796875, -1479.5123291015625], "obj_id": 333}, {"cam_R_m2c": [0.9906612038612366, 0.11544763296842575, 0.07254094630479813, 0.0917300209403038, -0.9579570889472961, 0.27185317873954773, 0.10087590664625168, -0.2626602351665497, -0.9596009850502014], "cam_t_m2c": [85.30764770507812, -2414.685791015625, 2358.89111328125], "obj_id": 333}, {"cam_R_m2c": [0.1154479831457138, -0.07254091650247574, -0.9906612038612366, -0.957956850528717, -0.2718535363674164, -0.09173037856817245, -0.2626604735851288, 0.9596007466316223, -0.10087605565786362], "cam_t_m2c": [2211.7119140625, -1687.5189208984375, 641.4411010742188], "obj_id": 333}, {"cam_R_m2c": [-0.11544743180274963, -0.07254082709550858, 0.9906613230705261, 0.9579569101333618, -0.27185356616973877, 0.09172975271940231, 0.26266059279441833, 0.9596007466316223, 0.10087568312883377], "cam_t_m2c": [-1750.93310546875, -2054.43896484375, 237.93748474121094], "obj_id": 333}, {"cam_R_m2c": [0.9906612038612366, -0.07254089415073395, 0.11544764786958694, 0.09173000603914261, -0.27185362577438354, -0.9579569101333618, 0.10087589919567108, 0.9596007466316223, -0.2626606822013855], "cam_t_m2c": [1153.9705810546875, -9534.634765625, -1661.5947265625], "obj_id": 333}],
  "2": [{"cam_R_m2c": [-0.9852786064147949, -0.06396900117397308, -0.1585373729467392, 0.0006667062407359481, 0.9259101152420044, -0.37774333357810974, 0.17095522582530975, -0.3722881078720093, -0.912236750125885], "cam_t_m2c": [7.223973274230957, 0.4220362901687622, 671.6629028320312], "obj_id": 1}, {"cam_R_m2c": [0.6657698154449463, -0.7291203737258911, -0.1585373729467392, -0.7231773734092712, -0.5782079100608826, -0.37774336338043213, 0.18375281989574432, 0.366140753030777, -0.9122366905212402], "cam_t_m2c": [14.301885604858398, 17.28641700744629, 712.3898315429688], "obj_id": 333}, {"cam_R_m2c": [0.6657697558403015, 0.1585371345281601, -0.7291204333305359, -0.723177433013916, 0.377743124961853, -0.5782080888748169, 0.18375279009342194, 0.9122368693351746, 0.3661404252052307], "cam_t_m2c": [1155.4678955078125, 418.21588134765625, -1844.365478515625], "obj_id": 333}, {"cam_R_m2c": [0.6657697558403015, -0.15853768587112427, 0.7291203141212463, -0.723177433013916, -0.37774357199668884, 0.5782078504562378, 0.18375273048877716, -0.9122366905212402, -0.366141140460968], "cam_t_m2c": [-1761.013671875, -1894.616455078125, -379.8023376464844], "obj_id": 333}, {"cam_R_m2c": [-0.1585370898246765, -0.7291203141212463, -0.6657698154449463, -0.3777434825897217, -0.5782079696655273, 0.7231772541999817, -0.9122366905212402, 0.3661406636238098, -0.18375296890735626], "cam_t_m2c": [1028.7667236328125, -2184.55517578125, -744.5782470703125], "obj_id": 333}, {"cam_R_m2c": [0.15853740274906158, -0.7291204929351807, 0.6657698154449463, 0.377743124961853, -0.5782082080841064, -0.7231776118278503, 0.9122369885444641, 0.3661407232284546, 0.1837523728609085], "cam_t_m2c": [-1634.3125, 708.154541015625, -1479.589599609375], "obj_id": 333}, {"cam_R_m2c": [0.6657698154449463, -0.7291203737258911, -0.1585373729467392, -0.7231773734092712, -0.5782079100608826, -0.37774336338043213, 0.18375280499458313, 0.366140753030777, -0.9122366905212402], "cam_t_m2c": [-1571.072021484375, -3760.147216796875, -8409.978515625], "obj_id": 333}],
  "3": [{"cam_R_m2c": [-0.00046026057680137455, 0.9952971339225769, -0.09686911106109619, 0.3527446687221527, -0.09048092365264893, -0.931334912776947, -0.9357196688652039, -0.034598592668771744, -0.351044237613678], "cam_t_m2c": [0.4133000075817108, -2.4751760959625244, 957.0313720703125], "obj_id": 1}, {"cam_R_m2c": [-0.7766362428665161, -0.6224569082260132, -0.096869096159935, -0.1498498171567917, 0.3319046199321747, -0.9313347339630127, 0.6118670701980591, -0.7087924480438232, -0.351044237613678], "cam_t_m2c": [4.738027095794678, 39.104331970214844, 972.7037353515625], "obj_id": 333}, {"cam_R_m2c": [-0.7766361832618713, 0.09686888009309769, -0.6224570274353027, -0.1498497724533081, 0.9313348531723022, 0.33190423250198364, 0.6118671298027039, 0.3510438799858093, -0.7087926268577576], "cam_t_m2c": [1055.9139404296875, -2487.374267578125, 1688.2003173828125], "obj_id": 333}, {"cam_R_m2c": [-0.7766361832618713, -0.09686926007270813, 0.6224569082260132, -0.1498497724533081, -0.9313346743583679, -0.3319048285484314, 0.6118670701980591, -0.35104432702064514, 0.7087923288345337], "cam_t_m2c": [-1433.9141845703125, -1159.75634765625, -1146.969482421875], "obj_id": 333}, {"cam_R_m2c": [-0.09686931222677231, -0.6224570274353027, 0.7766362428665161, -0.931334912776947, 0.3319043815135956, 0.1498495638370514, -0.3510439097881317, -0.7087925672531128, -0.6118673086166382], "cam_t_m2c": [-1742.2724609375, -2123.264892578125, 1494.3497314453125], "obj_id": 333}, {"cam_R_m2c": [0.0968686044216156, -0.6224570274353027, -0.7766363024711609, 0.9313348531723022, 0.3319043815135956, -0.14985017478466034, 0.35104432702064514, -0.7087925672531128, 0.6118668913841248], "cam_t_m2c": [1364.272216796875, -1523.86572265625, -953.1187744140625], "obj_id": 333}, {"cam_R_m2c": [-0.7766361832618713, -0.622456967830658, -0.09686905145645142, -0.1498497724533081, 0.33190450072288513, -0.9313347935676575, 0.6118670701980591, -0.7087924480438232, -0.35104408860206604], "cam_t_m2c": [-963.9527587890625, -9274.2431640625, -2537.73779296875], "obj_id": 333}],
  "4": [{"cam_R_m2c": [0.04117240384221077, -0.9962813854217529, -0.07568647712469101, -0.9937175512313843, -0.03294098749756813, -0.10696021467447281, 0.10406927764415741, 0.0796147957444191, -0.9913785457611084], "cam_t_m2c": [-0.6850310564041138, 7.289966583251953, 802.9869995117188], "obj_id": 1}, {"cam_R_m2c": [0.7519575953483582, 0.6548521518707275, -0.0756864845752716, 0.6468241214752197, -0.7551014423370361, -0.10696020722389221, -0.1271940916776657, 0.03147369623184204, -0.9913784265518188], "cam_t_m2c": [2.6939969062805176, 12.06521224975586, 847.2471313476562], "obj_id": 333}, {"cam_R_m2c": [0.7519575953483582, 0.07568667829036713, 0.6548520922660828, 0.6468241214752197, 0.10696005821228027, -0.7551013231277466, -0.1271941065788269, 0.9913783073425293, 0.031473465263843536], "cam_t_m2c": [-1458.3831787109375, 1308.3475341796875, -1198.457275390625], "obj_id": 333}, {"cam_R_m2c": [0.7519575953483582, -0.07568629831075668, -0.6548522114753723, 0.6468241214752197, -0.10696055740118027, 0.7551013827323914, -0.1271941363811493, -0.9913784265518188, -0.031474098563194275], "cam_t_m2c": [1161.025390625, -1712.0579833984375, -1072.5625], "obj_id": 333}, {"cam_R_m2c": [-0.0756862610578537, 0.6548522114753723, -0.7519576549530029, -0.1069599837064743, -0.7551014423370361, -0.6468241810798645, -0.9913784265518188, 0.03147369623184204, 0.12719370424747467], "cam_t_m2c": [1355.236328125, 1091.7930908203125, -1389.8980712890625], "obj_id": 333}, {"cam_R_m2c": [0.07568670809268951, 0.6548520922660828, 0.7519575357437134, 0.10696041584014893, -0.7551013231277466, 0.646824061870575, 0.9913783073425293, 0.03147372975945473, -0.127194344997406], "cam_t_m2c": [-1652.5941162109375, -1495.50341796875, -881.1216430664062], "obj_id": 333}, {"cam_R_m2c": [0.7519575953483582, 0.6548521518707275, -0.0756864845752716, 0.6468241214752197, -0.7551014423370361, -0.10696020722389221, -0.1271940916776657, 0.03147369623184204, -0.9913784265518188], "cam_t_m2c": [-754.1707763671875, -1057.536865234375, -9066.5380859375], "obj_id": 333}],
  "5": [{"cam_R_m2c": [0.9564077854156494, 0.035071875900030136, 0.28992095589637756, 0.1381450593471527, -0.9289961457252502, -0.3433397114276886, 0.2572938799858093, 0.3684239089488983, -0.8933441638946533], "cam_t_m2c": [-7.044358253479004, -1.327072262763977, 614.78271484375], "obj_id": 1}, {"cam_R_m2c": [-0.6251675486564636, 0.7246456742286682, 0.28992095589637756, 0.6388236880302429, 0.6884926557540894, -0.3433396816253662, -0.4484080672264099, -0.02943643368780613, -0.8933441042900085], "cam_t_m2c": [-19.987899780273438, 14.00135326385498, 654.6661376953125], "obj_id": 333}, {"cam_R_m2c": [-0.6251676082611084, -0.2899208068847656, 0.7246459126472473, 0.6388238668441772, 0.3433397710323334, 0.6884925365447998, -0.4484080970287323, 0.8933441638946533, -0.029436666518449783], "cam_t_m2c": [-889.4374389648438, -2049.663330078125, -1073.1492919921875], "obj_id": 333}, {"cam_R_m2c": [-0.6251676082611084, 0.28992128372192383, -0.7246456742286682, 0.6388238668441772, -0.3433394730091095, -0.6884927749633789, -0.4484080672264099, -0.8933442234992981, 0.02943592146039009], "cam_t_m2c": [2009.1455078125, 704.3072509765625, -1190.89501953125], "obj_id": 333}, {"cam_R_m2c": [0.28992074728012085, 0.724645733833313, 0.6251676082611084, -0.3433395326137543, 0.6884925961494446, -0.6388238668441772, -0.8933442234992981, -0.02943643182516098, 0.4484077990055084], "cam_t_m2c": [-690.48095703125, 604.9694213867188, -2028.83837890625], "obj_id": 333}, {"cam_R_m2c": [-0.28992128372192383, 0.7246457934379578, -0.6251674890518188, 0.3433399200439453, 0.6884925961494446, 0.6388236880302429, 0.8933440446853638, -0.029436416923999786, -0.44840848445892334], "cam_t_m2c": [1810.18896484375, -1950.3255615234375, -235.20594787597656], "obj_id": 333}, {"cam_R_m2c": [-0.6251675486564636, 0.7246456742286682, 0.28992095589637756, 0.6388236880302429, 0.6884926557540894, -0.3433396816253662, -0.4484080672264099, -0.02943643368780613, -0.8933441042900085], "cam_t_m2c": [2879.2216796875, -3419.395751953125, -8278.775390625], "obj_id": 333}],
  "6": [{"cam_R_m2c": [-0.9249046444892883, 0.34462815523147583, -0.16057133674621582, 0.3697941303253174, 0.9135561585426331, -0.1693146675825119, 0.08834034204483032, -0.2159782350063324, -0.972393810749054], "cam_t_m2c": [6.943630218505859, -2.3222453594207764, 607.6095581054688], "obj_id": 1}, {"cam_R_m2c": [0.3090846538543701, -0.9373812675476074, -0.1605713814496994, -0.9442524909973145, -0.28234726190567017, -0.1693146824836731, 0.11337552964687347, 0.20395249128341675, -0.972393810749054], "cam_t_m2c": [14.112348556518555, 5.236819267272949, 651.0221557617188], "obj_id": 333}, {"cam_R_m2c": [0.30908480286598206, 0.16057097911834717, -0.9373812675476074, -0.9442524313926697, 0.16931450366973877, -0.2823473811149597, 0.11337552219629288, 0.972393810749054, 0.20395201444625854], "cam_t_m2c": [1567.7318115234375, 231.30215454101562, -1701.670166015625], "obj_id": 333}, {"cam_R_m2c": [0.3090846836566925, -0.16057157516479492, 0.9373812675476074, -0.9442525506019592, -0.16931480169296265, 0.2823472321033478, 0.11337544769048691, -0.9723937511444092, -0.203952819108963], "cam_t_m2c": [-2181.79248046875, -898.087158203125, -885.8602905273438], "obj_id": 333}, {"cam_R_m2c": [-0.1605713665485382, -0.9373812675476074, -0.3090849220752716, -0.16931496560573578, -0.2823474109172821, 0.9442524313926697, -0.9723936915397644, 0.20395247638225555, -0.11337590962648392], "cam_t_m2c": [311.13946533203125, -2221.897216796875, -1067.0142822265625], "obj_id": 333}, {"cam_R_m2c": [0.16057135164737701, -0.9373812079429626, 0.30908483266830444, 0.16931435465812683, -0.2823474109172821, -0.9442525506019592, 0.9723937511444092, 0.20395247638225555, 0.11337507516145706], "cam_t_m2c": [-925.2001342773438, 1555.1121826171875, -1520.51611328125], "obj_id": 333}, {"cam_R_m2c": [0.30908477306365967, -0.9373811483383179, -0.1605713665485382, -0.9442524313926697, -0.28234726190567017, -0.1693146675825119, 0.11337549984455109, 0.20395249128341675, -0.9723936915397644], "cam_t_m2c": [-1591.60107421875, -1687.9095458984375, -9072.9150390625], "obj_id": 333}],
  "7": [{"cam_R_m2c": [-0.7417511343955994, 0.6664833426475525, 0.07486861199140549, 0.1274920254945755, 0.24971799552440643, -0.9598889350891113, -0.6584460139274597, -0.7024534940719604, -0.2701999545097351], "cam_t_m2c": [5.691139221191406, -0.6840415000915527, 656.9442749023438], "obj_id": 1}, {"cam_R_m2c": [-0.05663140490651131, -0.9955841302871704, 0.07486862689256668, -0.27461591362953186, -0.05656355619430542, -0.9598889946937561, 0.9598849415779114, -0.07491990178823471, -0.2702000141143799], "cam_t_m2c": [2.348625659942627, 42.17026901245117, 669.0073852539062], "obj_id": 333}, {"cam_R_m2c": [-0.056631412357091904, -0.07486893981695175, -0.9955841302871704, -0.27461597323417664, 0.9598888754844666, -0.05656379833817482, 0.9598850011825562, 0.2701999843120575, -0.07492007315158844], "cam_t_m2c": [2143.254150390625, -1764.480712890625, 278.4471435546875], "obj_id": 333}, {"cam_R_m2c": [-0.056631654500961304, 0.07486829161643982, 0.9955841898918152, -0.27461594343185425, -0.9598891139030457, 0.05656309798359871, 0.9598850011825562, -0.2701999843120575, 0.07491990178823471], "cam_t_m2c": [-1839.0823974609375, -1990.7344970703125, -21.23236656188965], "obj_id": 333}, {"cam_R_m2c": [0.07486855238676071, -0.9955841302871704, 0.056631315499544144, -0.9598890542984009, -0.05656358599662781, 0.27461564540863037, -0.2701996862888336, -0.07491987198591232, -0.9598851203918457], "cam_t_m2c": [38.82318115234375, -2426.83935546875, 2048.37744140625], "obj_id": 333}, {"cam_R_m2c": [-0.07486864179372787, -0.9955841898918152, -0.05663134902715683, 0.9598889350891113, -0.056563470512628555, -0.2746162414550781, 0.27020028233528137, -0.07491989433765411, 0.9598848223686218], "cam_t_m2c": [265.34844970703125, -1328.3758544921875, -1791.16259765625], "obj_id": 333}, {"cam_R_m2c": [-0.05663129687309265, -0.9955840110778809, 0.07486850768327713, -0.2746158838272095, -0.05656331405043602, -0.9598888754844666, 0.9598848223686218, -0.07491987943649292, -0.27019989490509033], "cam_t_m2c": [751.0344848632812, -9556.71875, -2032.9925537109375], "obj_id": 333}],
  "8": [{"cam_R_m2c": [-0.9653611183166504, -0.02559623494744301, 0.25965937972068787, -0.10144985467195511, 0.9536923766136169, -0.28315868973731995, -0.24038736522197723, -0.2996927499771118, -0.9232542514801025], "cam_t_m2c": [7.027151584625244, 1.1668801307678223, 996.1372680664062], "obj_id": 1}, {"cam_R_m2c": [0.6233670115470886, -0.7375572323799133, 0.2596593499183655, -0.6810373663902283, -0.6752846837043762, -0.28315863013267517, 0.384189635515213, -0.00032597084646113217, -0.9232541918754578], "cam_t_m2c": [-4.565358638763428, 13.808517456054688, 1037.3560791015625], "obj_id": 333}, {"cam_R_m2c": [0.6233670115470886, -0.25965961813926697, -0.7375571131706238, -0.6810373663902283, 0.2831583619117737, -0.675284743309021, 0.3841896653175354, 0.9232541918754578, -0.0003263380203861743], "cam_t_m2c": [1989.86767578125, 798.0603637695312, -808.50048828125], "obj_id": 333}, {"cam_R_m2c": [0.6233670115470886, 0.259659081697464, 0.7375572919845581, -0.681037425994873, -0.2831589877605438, 0.6752845644950867, 0.3841896653175354, -0.9232542514801025, 0.0003255243645980954], "cam_t_m2c": [-960.3610229492188, -1903.077880859375, -809.8042602539062], "obj_id": 333}, {"cam_R_m2c": [0.2596594989299774, -0.7375571727752686, -0.6233669519424438, -0.2831587493419647, -0.6752846240997314, 0.6810373067855835, -0.9232540726661682, -0.0003259887162130326, -0.38418981432914734], "cam_t_m2c": [1761.4873046875, -1914.58349609375, -40.773094177246094], "obj_id": 333}, {"cam_R_m2c": [-0.2596590518951416, -0.7375572323799133, 0.6233670711517334, 0.2831583619117737, -0.6752845644950867, -0.6810374855995178, 0.9232543110847473, -0.0003259607183281332, 0.384189248085022], "cam_t_m2c": [-731.9806518554688, 809.5659790039062, -1577.5316162109375], "obj_id": 333}, {"cam_R_m2c": [0.6233670115470886, -0.7375572323799133, 0.2596593499183655, -0.6810373663902283, -0.6752846837043762, -0.28315863013267517, 0.384189635515213, -0.00032597084646113217, -0.9232541918754578], "cam_t_m2c": [2592.02783203125, -2817.77783203125, -8195.185546875], "obj_id": 333}],
  "9": [{"cam_R_m2c": [0.7548555731773376, -0.095308318734169, -0.6489294171333313, -0.6203353404998779, -0.4250738322734833, -0.6591633558273315, -0.21301916241645813, 0.9001269936561584, -0.3799924850463867], "cam_t_m2c": [-5.469765663146973, 4.4842753410339355, 805.563720703125], "obj_id": 1}, {"cam_R_m2c": [-0.3974156677722931, 0.6488077044487, -0.6489293575286865, 0.7195431590080261, -0.21854344010353088, -0.6591633558273315, -0.5694895386695862, -0.7288945913314819, -0.3799925148487091], "cam_t_m2c": [23.501737594604492, 33.91267013549805, 822.528564453125], "obj_id": 333}, {"cam_R_m2c": [-0.39741581678390503, 0.6489296555519104, 0.6488075256347656, 0.7195432186126709, 0.6591632962226868, -0.21854370832443237, -0.569489598274231, 0.3799923062324524, -0.728894829750061], "cam_t_m2c": [-2571.97265625, -847.3269653320312, 1520.332763671875], "obj_id": 333}, {"cam_R_m2c": [-0.39741548895835876, -0.6489291191101074, -0.6488078236579895, 0.7195431590080261, -0.6591631770133972, 0.21854330599308014, -0.5694894790649414, -0.3799927234649658, 0.7288944721221924], "cam_t_m2c": [23.258073806762695, -1721.5010986328125, -1395.2459716796875], "obj_id": 333}, {"cam_R_m2c": [-0.6489295959472656, 0.6488075852394104, 0.39741548895835876, -0.6591630578041077, -0.21854354441165924, -0.71954345703125, -0.37999266386032104, -0.7288946509361267, 0.5694893598556519], "cam_t_m2c": [-2069.188720703125, 154.67239379882812, -1076.435791015625], "obj_id": 333}, {"cam_R_m2c": [0.6489293575286865, 0.6488075852394104, -0.3974159061908722, 0.6591635346412659, -0.21854354441165924, 0.7195429801940918, 0.3799923062324524, -0.7288946509361267, -0.5694896578788757], "cam_t_m2c": [-479.5257263183594, -2723.50048828125, 1201.5225830078125], "obj_id": 333}, {"cam_R_m2c": [-0.39741596579551697, 0.6488077044487, -0.6489294767379761, 0.7195432782173157, -0.21854357421398163, -0.6591634750366211, -0.5694895386695862, -0.7288947105407715, -0.37999266386032104], "cam_t_m2c": [-6465.79296875, -6557.72119140625, -2977.396728515625], "obj_id": 333}],
  "10": [{"cam_R_m2c": [-0.8783903121948242, 0.47780632972717285, -0.011482944712042809, 0.4708017110824585, 0.8608753681182861, -0.19297505915164948, -0.08231931179761887, -0.17491358518600464, -0.9811366200447083], "cam_t_m2c": [6.631620407104492, -3.0799951553344727, 1179.8375244140625], "obj_id": 1}, {"cam_R_m2c": [0.1760535091161728, -0.9843136668205261, -0.01148292887955904, -0.9662635922431946, -0.17057396471500397, -0.19297505915164948, 0.1879892796278, 0.04506947845220566, -0.9811365604400635], "cam_t_m2c": [7.144277572631836, 5.535390853881836, 1223.640380859375], "obj_id": 333}, {"cam_R_m2c": [0.1760534942150116, 0.01148263830691576, -0.9843136668205261, -0.9662635326385498, 0.1929749697446823, -0.17057393491268158, 0.18798930943012238, 0.9811365008354187, 0.0450691394507885], "cam_t_m2c": [1952.8057861328125, -39.2669792175293, -828.77197265625], "obj_id": 333}, {"cam_R_m2c": [0.1760534793138504, -0.0114832054823637, 0.9843136668205261, -0.9662635326385498, -0.19297511875629425, 0.17057378590106964, 0.1879892796278, -0.9811365008354187, -0.04506976529955864], "cam_t_m2c": [-1984.4488525390625, -721.5625610351562, -648.493896484375], "obj_id": 333}, {"cam_R_m2c": [-0.01148298941552639, -0.9843136668205261, -0.1760535091161728, -0.19297540187835693, -0.17057384550571442, 0.966263473033905, -0.9811364412307739, 0.04506956785917282, -0.18798965215682983], "cam_t_m2c": [336.28546142578125, -2312.94189453125, -362.654296875], "obj_id": 333}, {"cam_R_m2c": [0.011482889764010906, -0.9843136668205261, 0.17605356872081757, 0.19297470152378082, -0.17057399451732635, -0.9662636518478394, 0.9811366200447083, 0.04506945237517357, 0.18798884749412537], "cam_t_m2c": [-367.9287414550781, 1552.1123046875, -1114.6114501953125], "obj_id": 333}, {"cam_R_m2c": [0.1760535091161728, -0.9843136668205261, -0.011482932604849339, -0.9662635922431946, -0.17057396471500397, -0.19297507405281067, 0.18798929452896118, 0.045069485902786255, -0.9811365604400635], "cam_t_m2c": [-107.68523406982422, -1924.21533203125, -8587.7255859375], "obj_id": 333}],
  "11": [{"cam_R_m2c": [-0.9977244138717651, 0.012470380403101444, -0.0662655457854271, 0.037691380828619, 0.9180202484130859, -0.39473816752433777, 0.05591057986021042, -0.3963374197483063, -0.9164012670516968], "cam_t_m2c": [7.330863952636719, 0.15014223754405975, 999.519287109375], "obj_id": 1}, {"cam_R_m2c": [0.613880455493927, -0.7866128087043762, -0.0662655308842659, -0.7401604652404785, -0.5443753004074097, -0.3947380781173706, 0.2744326889514923, 0.29136914014816284, -0.9164010882377625], "cam_t_m2c": [10.289292335510254, 17.773250579833984, 1040.43212890625], "obj_id": 333}, {"cam_R_m2c": [0.6138805150985718, 0.0662652850151062, -0.7866127490997314, -0.7401604056358337, 0.3947378695011139, -0.5443754196166992, 0.2744326591491699, 0.9164010882377625, 0.29136884212493896], "cam_t_m2c": [1450.9837646484375, 317.0477600097656, -1375.1082763671875], "obj_id": 333}, {"cam_R_m2c": [0.6138803958892822, -0.06626579165458679, 0.7866129279136658, -0.7401605844497681, -0.3947386145591736, 0.5443753004074097, 0.2744327485561371, -0.9164011478424072, -0.291369765996933], "cam_t_m2c": [-1695.46728515625, -1860.4534912109375, -209.63150024414062], "obj_id": 333}, {"cam_R_m2c": [-0.06626550853252411, -0.7866127490997314, -0.6138806343078613, -0.3947383463382721, -0.5443754196166992, 0.740160346031189, -0.9164009690284729, 0.29136922955513, -0.2744330167770386], "cam_t_m2c": [1105.5194091796875, -2252.023681640625, -243.5044708251953], "obj_id": 333}, {"cam_R_m2c": [0.06626570969820023, -0.7866127490997314, 0.6138806343078613, 0.3947378396987915, -0.544375479221344, -0.7401605844497681, 0.9164011478424072, 0.29136922955513, 0.2744322121143341], "cam_t_m2c": [-1350.0029296875, 708.6179809570312, -1341.235107421875], "obj_id": 333}, {"cam_R_m2c": [0.6138805150985718, -0.7866127490997314, -0.06626549363136292, -0.7401604056358337, -0.5443753004074097, -0.3947380781173706, 0.2744326889514923, 0.29136911034584045, -0.9164010286331177], "cam_t_m2c": [-652.365966796875, -3929.607421875, -8123.578125], "obj_id": 333}],
  "12": [{"cam_R_m2c": [0.2130066603422165, 0.7216178774833679, -0.6587076783180237, -0.07801619917154312, -0.6594651937484741, -0.7476758360862732, -0.9739310145378113, 0.21064981818199158, -0.08417262136936188], "cam_t_m2c": [-1.1716392040252686, 0.4286430776119232, 696.3135375976562], "obj_id": 1}, {"cam_R_m2c": [-0.6964282989501953, -0.2847662568092346, -0.6587077379226685, 0.5635381937026978, 0.35129132866859436, -0.7476758360862732, 0.44431114196777344, -0.8919095396995544, -0.0841725692152977], "cam_t_m2c": [28.23641014099121, 33.80868148803711, 700.0714721679688], "obj_id": 333}, {"cam_R_m2c": [-0.6964282393455505, 0.6587076187133789, -0.28476646542549133, 0.563538134098053, 0.747675895690918, 0.35129112005233765, 0.4443111717700958, 0.08417228609323502, -0.8919094800949097], "cam_t_m2c": [-719.6463623046875, -2164.12548828125, 2315.54541015625], "obj_id": 333}, {"cam_R_m2c": [-0.6964283585548401, -0.6587077379226685, 0.2847660779953003, 0.563538134098053, -0.7476757764816284, -0.35129156708717346, 0.4443111717700958, -0.08417286723852158, 0.8919094800949097], "cam_t_m2c": [-1858.7113037109375, -758.960205078125, -1252.0928955078125], "obj_id": 333}, {"cam_R_m2c": [-0.658708393573761, -0.284766286611557, 0.6964282393455505, -0.7476757764816284, 0.351291298866272, -0.5635384917259216, -0.0841725617647171, -0.8919097185134888, -0.44431158900260925], "cam_t_m2c": [-2682.03515625, -334.46661376953125, 1420.3486328125], "obj_id": 333}, {"cam_R_m2c": [0.6587073802947998, -0.2847662568092346, -0.6964285373687744, 0.7476760745048523, 0.3512912690639496, 0.5635378956794739, 0.08417271077632904, -0.8919095396995544, 0.44431108236312866], "cam_t_m2c": [103.67765045166016, -2588.619140625, -356.8960876464844], "obj_id": 333}, {"cam_R_m2c": [-0.6964282989501953, -0.28476616740226746, -0.6587076783180237, 0.5635380744934082, 0.3512914478778839, -0.7476758360862732, 0.4443111717700958, -0.8919094800949097, -0.08417274057865143], "cam_t_m2c": [-6558.83984375, -7442.94921875, -141.6546173095703], "obj_id": 333}],
  "13": [{"cam_R_m2c": [-0.04097939282655716, 0.9922603368759155, 0.11721787601709366, 0.9915788769721985, 0.05481204017996788, -0.11733236163854599, -0.12284920364618301, 0.11142256110906601, -0.9861505627632141], "cam_t_m2c": [0.6756572723388672, -7.230372428894043, 1133.273193359375], "obj_id": 1}, {"cam_R_m2c": [-0.7489399313926697, -0.6521880030632019, 0.11721787601709366, -0.6625597476959229, 0.7397619485855103, -0.11733239144086838, -0.010190554894506931, -0.1655387431383133, -0.9861508011817932], "cam_t_m2c": [-4.5575432777404785, -1.9920603036880493, 1177.2999267578125], "obj_id": 333}, {"cam_R_m2c": [-0.7489398121833801, -0.11721809208393097, -0.6521880030632019, -0.6625597476959229, 0.11733253300189972, 0.7397619485855103, -0.010190579108893871, 0.9861506223678589, -0.16553907096385956], "cam_t_m2c": [1534.2542724609375, -1716.1806640625, -463.92388916015625], "obj_id": 333}, {"cam_R_m2c": [-0.7489398717880249, 0.11721767485141754, 0.6521881222724915, -0.6625598073005676, -0.11733221262693405, -0.739762008190155, -0.01019056886434555, -0.9861508011817932, 0.16553829610347748], "cam_t_m2c": [-1074.4979248046875, 1242.8670654296875, -1126.078857421875], "obj_id": 333}, {"cam_R_m2c": [0.11721762269735336, -0.6521880626678467, 0.7489398121833801, -0.1173325702548027, 0.7397618889808655, 0.6625597476959229, -0.9861506819725037, -0.1655387133359909, 0.010190226137638092], "cam_t_m2c": [-1268.0013427734375, -1561.7763671875, -815.3825073242188], "obj_id": 333}, {"cam_R_m2c": [-0.1172182708978653, -0.6521881222724915, -0.7489396929740906, 0.11733211576938629, 0.7397618293762207, -0.6625599265098572, 0.9861506819725037, -0.1655387431383133, -0.010191020555794239], "cam_t_m2c": [1727.7576904296875, 1088.462890625, -774.6203002929688], "obj_id": 333}, {"cam_R_m2c": [-0.7489397525787354, -0.6521880030632019, 0.11721789091825485, -0.6625597476959229, 0.7397618889808655, -0.11733239144086838, -0.010190547443926334, -0.1655387431383133, -0.9861506223678589], "cam_t_m2c": [1167.621337890625, -1175.31591796875, -8684.2060546875], "obj_id": 333}],
  "14": [{"cam_R_m2c": [0.32673734426498413, 0.8344274163246155, 0.4438171088695526, 0.4059324264526367, 0.3001702129840851, -0.8632014989852905, -0.8534996509552002, 0.46219995617866516, -0.24064433574676514], "cam_t_m2c": [-2.1348557472229004, -2.721052646636963, 755.7819213867188], "obj_id": 1}, {"cam_R_m2c": [-0.8555728197097778, -0.26649874448776245, 0.44381722807884216, -0.48803433775901794, 0.12925082445144653, -0.8632014989852905, 0.17267832159996033, -0.9551296830177307, -0.24064412713050842], "cam_t_m2c": [-21.949106216430664, 35.8166389465332, 766.5255126953125], "obj_id": 333}, {"cam_R_m2c": [-0.8555731773376465, -0.4438173174858093, -0.2664986848831177, -0.48803436756134033, 0.8632014393806458, 0.12925074994564056, 0.17267835140228271, 0.24064390361309052, -0.9551301598548889], "cam_t_m2c": [1398.682861328125, -1949.08837890625, 2195.49658203125], "obj_id": 333}, {"cam_R_m2c": [-0.8555728197097778, 0.4438170790672302, 0.2664988934993744, -0.48803427815437317, -0.8632014989852905, -0.12925125658512115, 0.17267830669879913, -0.2406444549560547, 0.9551295638084412], "cam_t_m2c": [332.687744140625, -1432.0843505859375, -1625.0224609375], "obj_id": 333}, {"cam_R_m2c": [0.44381681084632874, -0.2664988338947296, 0.8555729389190674, -0.8632016181945801, 0.12925094366073608, 0.4880339801311493, -0.24064411222934723, -0.9551296234130859, -0.17267850041389465], "cam_t_m2c": [-845.4603271484375, -2666.655029296875, 630.59375], "obj_id": 333}, {"cam_R_m2c": [-0.4438174366950989, -0.26649877429008484, -0.8555726408958435, 0.8632012605667114, 0.12925100326538086, -0.48803457617759705, 0.24064424633979797, -0.9551296234130859, 0.17267823219299316], "cam_t_m2c": [2576.830810546875, -714.5177001953125, -60.11948013305664], "obj_id": 333}, {"cam_R_m2c": [-0.8555728197097778, -0.26649874448776245, 0.44381722807884216, -0.48803433775901794, 0.12925082445144653, -0.8632014989852905, 0.17267832159996033, -0.9551296830177307, -0.24064412713050842], "cam_t_m2c": [4416.22265625, -8596.19921875, -1639.9163818359375], "obj_id": 333}],
  "15": [{"cam_R_m2c": [-0.718794584274292, 0.6416617631912231, -0.2675900161266327, 0.2788239121437073, -0.08651884645223618, -0.9564369320869446, -0.6368606090545654, -0.7620922327041626, -0.11672133952379227], "cam_t_m2c": [5.566931247711182, -1.9274353981018066, 786.3292236328125], "obj_id": 1}, {"cam_R_m2c": [-0.05160445347428322, -0.9621500968933105, -0.267590194940567, -0.1067391037940979, 0.27172601222991943, -0.9564371109008789, 0.9929471611976624, -0.020793916657567024, -0.11672142148017883], "cam_t_m2c": [17.513507843017578, 40.772762298583984, 791.540283203125], "obj_id": 333}, {"cam_R_m2c": [-0.05160437524318695, 0.2675897777080536, -0.9621500968933105, -0.10673914104700089, 0.9564370512962341, 0.2717258036136627, 0.9929470419883728, 0.11672129482030869, -0.020794037729501724], "cam_t_m2c": [1406.6334228515625, -2415.55322265625, 599.685546875], "obj_id": 333}, {"cam_R_m2c": [-0.05160432681441307, -0.26759037375450134, 0.9621499180793762, -0.10673917084932327, -0.9564369916915894, -0.2717263698577881, 0.9929470419883728, -0.11672132462263107, 0.020793825387954712], "cam_t_m2c": [-2441.966552734375, -1328.6490478515625, 516.5096435546875], "obj_id": 333}, {"cam_R_m2c": [-0.267590194940567, -0.9621499180793762, 0.0516042597591877, -0.9564369916915894, 0.27172619104385376, 0.10673883557319641, -0.11672098934650421, -0.020793959498405457, -0.9929470419883728], "cam_t_m2c": [-620.8753051757812, -2085.57958984375, 2543.99169921875], "obj_id": 333}, {"cam_R_m2c": [0.2675899863243103, -0.962149977684021, -0.051604434847831726, 0.9564369916915894, 0.27172601222991943, -0.10673944652080536, 0.11672162264585495, -0.02079397812485695, 0.992946982383728], "cam_t_m2c": [-414.4578857421875, -1658.6229248046875, -1427.7965087890625], "obj_id": 333}, {"cam_R_m2c": [-0.05160445347428322, -0.9621500968933105, -0.267590194940567, -0.1067391037940979, 0.27172601222991943, -0.9564371109008789, 0.9929471611976624, -0.020793916657567024, -0.11672142148017883], "cam_t_m2c": [-2658.386962890625, -9523.59765625, -375.6729431152344], "obj_id": 333}],
  "16": [{"cam_R_m2c": [0.9124020338058472, -0.3634013235569, 0.1883135885000229, -0.19086885452270508, -0.7847777605056763, -0.5896552205085754, 0.36206573247909546, 0.5020594000816345, -0.7853948473930359], "cam_t_m2c": [-6.863768100738525, 1.1811424493789673, 1108.2362060546875], "obj_id": 1}, {"cam_R_m2c": [-0.2866162359714508, 0.9393557906150818, 0.18831360340118408, 0.7318935394287109, 0.34152403473854065, -0.5896552205085754, -0.6182096004486084, -0.031179217621684074, -0.7853947281837463], "cam_t_m2c": [-15.271041870117188, 27.506338119506836, 1143.3001708984375], "obj_id": 333}, {"cam_R_m2c": [-0.28661632537841797, -0.188313290476799, 0.9393558502197266, 0.7318935394287109, 0.5896552801132202, 0.3415239453315735, -0.6182096600532532, 0.7853947281837463, -0.03117961250245571], "cam_t_m2c": [-1517.355224609375, -1834.8521728515625, -365.1307678222656], "obj_id": 333}, {"cam_R_m2c": [-0.2866162657737732, 0.1883140206336975, -0.9393557906150818, 0.7318935990333557, -0.5896552205085754, -0.3415243327617645, -0.6182096600532532, -0.7853947877883911, 0.031178724020719528], "cam_t_m2c": [2240.0673828125, -468.7557678222656, -489.8477783203125], "obj_id": 333}, {"cam_R_m2c": [0.18831337988376617, 0.9393557906150818, 0.2866162359714508, -0.5896550416946411, 0.3415239751338959, -0.7318937182426453, -0.7853949069976807, -0.031179271638393402, 0.6182093620300293], "cam_t_m2c": [-211.8762969970703, 311.98309326171875, -1663.9085693359375], "obj_id": 333}, {"cam_R_m2c": [-0.18831372261047363, 0.9393557906150818, -0.28661614656448364, 0.5896554589271545, 0.34152400493621826, 0.7318933606147766, 0.785394549369812, -0.031179280951619148, -0.618209958076477], "cam_t_m2c": [934.5885009765625, -2615.591064453125, 808.9300537109375], "obj_id": 333}, {"cam_R_m2c": [-0.2866162359714508, 0.9393557906150818, 0.18831360340118408, 0.7318935394287109, 0.34152403473854065, -0.5896552205085754, -0.6182096004486084, -0.031179217621684074, -0.7853947281837463], "cam_t_m2c": [1867.86474609375, -5869.04541015625, -6710.64697265625], "obj_id": 333}],
  "17": [{"cam_R_m2c": [0.8884824514389038, 0.3521382808685303, -0.2942746877670288, 0.1604771763086319, -0.8391682505607605, -0.5196576118469238, -0.4299372434616089, 0.4144822955131531, -0.802096426486969], "cam_t_m2c": [-6.328348636627197, -1.4272984266281128, 645.1808471679688], "obj_id": 1}, {"cam_R_m2c": [-0.8302121162414551, 0.47344523668289185, -0.29427462816238403, 0.5547460317611694, 0.6497790813446045, -0.519657552242279, -0.05481588840484619, -0.5946736335754395, -0.8020963668823242], "cam_t_m2c": [6.809564590454102, 21.772846221923828, 680.990478515625], "obj_id": 333}, {"cam_R_m2c": [-0.8302121758460999, 0.29427480697631836, 0.47344526648521423, 0.554746150970459, 0.5196576118469238, 0.6497790217399597, -0.054815877228975296, 0.8020962476730347, -0.5946739912033081], "cam_t_m2c": [-1528.63037109375, -2317.100341796875, 266.1452331542969], "obj_id": 333}, {"cam_R_m2c": [-0.8302121162414551, -0.2942745089530945, -0.4734453558921814, 0.5547460913658142, -0.5196574330329895, -0.649779200553894, -0.05481591820716858, -0.8020964860916138, 0.5946734547615051], "cam_t_m2c": [365.1508483886719, 282.01605224609375, -2112.549560546875], "obj_id": 333}, {"cam_R_m2c": [-0.2942750155925751, 0.47344526648521423, 0.8302119970321655, -0.5196573734283447, 0.6497790813446045, -0.5547462701797485, -0.8020963668823242, -0.5946736931800842, 0.05481553450226784], "cam_t_m2c": [-2242.163818359375, 91.95004272460938, -1032.8341064453125], "obj_id": 333}, {"cam_R_m2c": [0.29427430033683777, 0.4734453558921814, -0.8302121162414551, 0.5196577310562134, 0.6497790813446045, 0.5547459125518799, 0.8020963668823242, -0.5946736335754395, -0.05481625720858574], "cam_t_m2c": [1078.684326171875, -2127.034423828125, -813.5703125], "obj_id": 333}, {"cam_R_m2c": [-0.8302121162414551, 0.47344523668289185, -0.29427462816238403, 0.5547460317611694, 0.6497790813446045, -0.519657552242279, -0.05481588840484619, -0.5946736335754395, -0.8020963668823242], "cam_t_m2c": [-2935.937255859375, -5174.80224609375, -7339.97265625], "obj_id": 333}],
  "18": [{"cam_R_m2c": [-0.10123680531978607, 0.955618679523468, -0.27666595578193665, 0.6747157573699951, -0.13841499388217926, -0.724982738494873, -0.7311017513275146, -0.26006582379341125, -0.6307582855224609], "cam_t_m2c": [1.164955973625183, -4.887523174285889, 915.7514038085938], "obj_id": 1}, {"cam_R_m2c": [-0.68267422914505, -0.6763224005699158, -0.27666592597961426, -0.3136765956878662, 0.6131941676139832, -0.724982738494873, 0.6599719524383545, -0.40814337134361267, -0.6307583451271057], "cam_t_m2c": [13.516724586486816, 27.47937774658203, 943.9116821289062], "obj_id": 333}, {"cam_R_m2c": [-0.68267422914505, 0.27666574716567993, -0.6763225197792053, -0.3136766254901886, 0.7249828577041626, 0.613193929195404, 0.6599720120429993, 0.6307582259178162, -0.4081436097621918], "cam_t_m2c": [812.82958984375, -2648.874267578125, 498.6819152832031], "obj_id": 333}, {"cam_R_m2c": [-0.68267422914505, -0.27666613459587097, 0.6763222813606262, -0.3136765956878662, -0.7249825596809387, -0.6131944060325623, 0.6599719524383545, -0.6307584643363953, 0.40814313292503357], "cam_t_m2c": [-1892.459716796875, -196.09764099121094, -1133.8919677734375], "obj_id": 333}, {"cam_R_m2c": [-0.27666622400283813, -0.676322340965271, 0.6826742887496948, -0.7249828577041626, 0.6131941676139832, 0.3136763572692871, -0.6307582259178162, -0.4081434905529022, -0.6599721908569336], "cam_t_m2c": [-1905.1636962890625, -2049.839111328125, 1002.3388671875], "obj_id": 333}, {"cam_R_m2c": [0.2766656279563904, -0.676322340965271, -0.6826744079589844, 0.7249826788902283, 0.6131941676139832, -0.3136768043041229, 0.6307585835456848, -0.40814346075057983, 0.6599716544151306], "cam_t_m2c": [825.5335083007812, -795.1328735351562, -1637.5489501953125], "obj_id": 333}, {"cam_R_m2c": [-0.68267422914505, -0.6763224005699158, -0.27666592597961426, -0.3136765956878662, 0.6131941676139832, -0.724982738494873, 0.6599719524383545, -0.40814337134361267, -0.6307583451271057], "cam_t_m2c": [-2753.142333984375, -7222.34765625, -5363.671875], "obj_id": 333}],
