{
  "0": {"cam_K": [711.1112738715278, 0.0, 255.5, 0.0, 711.1112738715278, 255.5, 0.0, 0.0, 1.0], "cam_R_w2c": [0.6685261726379395, -0.7434542179107666, 0.018669724464416504, -0.5792034268379211, -0.5362473726272583, -0.6139724850654602, 0.46647199988365173, 0.3996431231498718, -0.7891066074371338], "cam_t_w2c": [6.459744453430176, 28.235076904296875, 792.2064819335938], "depth_scale": 1.0},
  "1": {"cam_K": [711.1112738715278, 0.0, 255.5, 0.0, 711.1112738715278, 255.5, 0.0, 0.0, 1.0], "cam_R_w2c": [0.9906612038612366, -0.07254090905189514, 0.11544765532016754, 0.0917300134897232, -0.27185365557670593, -0.9579569101333618, 0.10087591409683228, 0.9596007466316223, -0.2626606822013855], "cam_t_w2c": [-0.5058283805847168, 44.934715270996094, 965.0103149414062], "depth_scale": 1.0},
  "2": {"cam_K": [711.1112738715278, 0.0, 255.5, 0.0, 711.1112738715278, 255.5, 0.0, 0.0, 1.0], "cam_R_w2c": [0.6657698154449463, -0.7291203737258911, -0.1585373729467392, -0.7231773734092712, -0.5782079100608826, -0.37774336338043213, 0.18375281989574432, 0.366140753030777, -0.9122366905212402], "cam_t_w2c": [14.301885604858398, 17.28641700744629, 712.3898315429688], "depth_scale": 1.0},
  "3": {"cam_K": [711.1112738715278, 0.0, 255.5, 0.0, 711.1112738715278, 255.5, 0.0, 0.0, 1.0], "cam_R_w2c": [-0.7766362428665161, -0.6224569082260132, -0.096869096159935, -0.1498498171567917, 0.3319046199321747, -0.9313347339630127, 0.6118670701980591, -0.7087924480438232, -0.351044237613678], "cam_t_w2c": [4.738027095794678, 39.104331970214844, 972.7037353515625], "depth_scale": 1.0},
  "4": {"cam_K": [711.1112738715278, 0.0, 255.5, 0.0, 711.1112738715278, 255.5, 0.0, 0.0, 1.0], "cam_R_w2c": [0.7519575953483582, 0.6548521518707275, -0.0756864845752716, 0.6468241214752197, -0.7551014423370361, -0.10696020722389221, -0.1271940916776657, 0.03147369623184204, -0.9913784265518188], "cam_t_w2c": [2.6939969062805176, 12.06521224975586, 847.2471313476562], "depth_scale": 1.0},
  "5": {"cam_K": [711.1112738715278, 0.0, 255.5, 0.0, 711.1112738715278, 255.5, 0.0, 0.0, 1.0], "cam_R_w2c": [-0.6251675486564636, 0.7246456742286682, 0.28992095589637756, 0.6388236880302429, 0.6884926557540894, -0.3433396816253662, -0.4484080672264099, -0.02943643368780613, -0.8933441042900085], "cam_t_w2c": [-19.987899780273438, 14.00135326385498, 654.6661376953125], "depth_scale": 1.0},
  "6": {"cam_K": [711.1112738715278, 0.0, 255.5, 0.0, 711.1112738715278, 255.5, 0.0, 0.0, 1.0], "cam_R_w2c": [0.3090846538543701, -0.9373812675476074, -0.1605713814496994, -0.9442524909973145, -0.28234726190567017, -0.1693146824836731, 0.11337552964687347, 0.20395249128341675, -0.972393810749054], "cam_t_w2c": [14.112348556518555, 5.236819267272949, 651.0221557617188], "depth_scale": 1.0},
  "7": {"cam_K": [711.1112738715278, 0.0, 255.5, 0.0, 711.1112738715278, 255.5, 0.0, 0.0, 1.0], "cam_R_w2c": [-0.05663140490651131, -0.9955841302871704, 0.07486862689256668, -0.27461591362953186, -0.05656355619430542, -0.9598889946937561, 0.9598849415779114, -0.07491990178823471, -0.2702000141143799], "cam_t_w2c": [2.348625659942627, 42.17026901245117, 669.0073852539062], "depth_scale": 1.0},
  "8": {"cam_K": [711.1112738715278, 0.0, 255.5, 0.0, 711.1112738715278, 255.5, 0.0, 0.0, 1.0], "cam_R_w2c": [0.6233670115470886, -0.7375572323799133, 0.2596593499183655, -0.6810373663902283, -0.6752846837043762, -0.28315863013267517, 0.384189635515213, -0.00032597084646113217, -0.9232541918754578], "cam_t_w2c": [-4.565358638763428, 13.808517456054688, 1037.3560791015625], "depth_scale": 1.0},
  "9": {"cam_K": [711.1112738715278, 0.0, 255.5, 0.0, 711.1112738715278, 255.5, 0.0, 0.0, 1.0], "cam_R_w2c": [-0.3974156677722931, 0.6488077044487, -0.6489293575286865, 0.7195431590080261, -0.21854344010353088, -0.6591633558273315, -0.5694895386695862, -0.7288945913314819, -0.3799925148487091], "cam_t_w2c": [23.501737594604492, 33.91267013549805, 822.528564453125], "depth_scale": 1.0},
  "10": {"cam_K": [711.1112738715278, 0.0, 255.5, 0.0, 711.1112738715278, 255.5, 0.0, 0.0, 1.0], "cam_R_w2c": [0.1760535091161728, -0.9843136668205261, -0.01148292887955904, -0.9662635922431946, -0.17057396471500397, -0.19297505915164948, 0.1879892796278, 0.04506947845220566, -0.9811365604400635], "cam_t_w2c": [7.144277572631836, 5.535390853881836, 1223.640380859375], "depth_scale": 1.0},
  "11": {"cam_K": [711.1112738715278, 0.0, 255.5, 0.0, 711.1112738715278, 255.5, 0.0, 0.0, 1.0], "cam_R_w2c": [0.613880455493927, -0.7866128087043762, -0.0662655308842659, -0.7401604652404785, -0.5443753004074097, -0.3947380781173706, 0.2744326889514923, 0.29136914014816284, -0.9164010882377625], "cam_t_w2c": [10.289292335510254, 17.773250579833984, 1040.43212890625], "depth_scale": 1.0},
  "12": {"cam_K": [711.1112738715278, 0.0, 255.5, 0.0, 711.1112738715278, 255.5, 0.0, 0.0, 1.0], "cam_R_w2c": [-0.6964282989501953, -0.2847662568092346, -0.6587077379226685, 0.5635381937026978, 0.35129132866859436, -0.7476758360862732, 0.44431114196777344, -0.8919095396995544, -0.0841725692152977], "cam_t_w2c": [28.23641014099121, 33.80868148803711, 700.0714721679688], "depth_scale": 1.0},
  "13": {"cam_K": [711.1112738715278, 0.0, 255.5, 0.0, 711.1112738715278, 255.5, 0.0, 0.0, 1.0], "cam_R_w2c": [-0.7489399313926697, -0.6521880030632019, 0.11721787601709366, -0.6625597476959229, 0.7397619485855103, -0.11733239144086838, -0.010190554894506931, -0.1655387431383133, -0.9861508011817932], "cam_t_w2c": [-4.5575432777404785, -1.9920603036880493, 1177.2999267578125], "depth_scale": 1.0},
  "14": {"cam_K": [711.1112738715278, 0.0, 255.5, 0.0, 711.1112738715278, 255.5, 0.0, 0.0, 1.0], "cam_R_w2c": [-0.8555728197097778, -0.26649874448776245, 0.44381722807884216, -0.48803433775901794, 0.12925082445144653, -0.8632014989852905, 0.17267832159996033, -0.9551296830177307, -0.24064412713050842], "cam_t_w2c": [-21.949106216430664, 35.8166389465332, 766.5255126953125], "depth_scale": 1.0},
  "15": {"cam_K": [711.1112738715278, 0.0, 255.5, 0.0, 711.1112738715278, 255.5, 0.0, 0.0, 1.0], "cam_R_w2c": [-0.05160445347428322, -0.9621500968933105, -0.267590194940567, -0.1067391037940979, 0.27172601222991943, -0.9564371109008789, 0.9929471611976624, -0.020793916657567024, -0.11672142148017883], "cam_t_w2c": [17.513507843017578, 40.772762298583984, 791.540283203125], "depth_scale": 1.0},
  "16": {"cam_K": [711.1112738715278, 0.0, 255.5, 0.0, 711.1112738715278, 255.5, 0.0, 0.0, 1.0], "cam_R_w2c": [-0.2866162359714508, 0.9393557906150818, 0.18831360340118408, 0.7318935394287109, 0.34152403473854065, -0.5896552205085754, -0.6182096004486084, -0.031179217621684074, -0.7853947281837463], "cam_t_w2c": [-15.271041870117188, 27.506338119506836, 1143.3001708984375], "depth_scale": 1.0},
  "17": {"cam_K": [711.1112738715278, 0.0, 255.5, 0.0, 711.1112738715278, 255.5, 0.0, 0.0, 1.0], "cam_R_w2c": [-0.8302121162414551, 0.47344523668289185, -0.29427462816238403, 0.5547460317611694, 0.6497790813446045, -0.519657552242279, -0.05481588840484619, -0.5946736335754395, -0.8020963668823242], "cam_t_w2c": [6.809564590454102, 21.772846221923828, 680.990478515625], "depth_scale": 1.0},
  "18": {"cam_K": [711.1112738715278, 0.0, 255.5, 0.0, 711.1112738715278, 255.5, 0.0, 0.0, 1.0], "cam_R_w2c": [-0.68267422914505, -0.6763224005699158, -0.27666592597961426, -0.3136765956878662, 0.6131941676139832, -0.724982738494873, 0.6599719524383545, -0.40814337134361267, -0.6307583451271057], "cam_t_w2c": [13.516724586486816, 27.47937774658203, 943.9116821289062], "depth_scale": 1.0},
  "19": {"cam_K": [711.1112738715278, 0.0, 255.5, 0.0, 711.1112738715278, 255.5, 0.0, 0.0, 1.0], "cam_R_w2c": [0.7617784142494202, 0.48942506313323975, 0.42444878816604614, 0.607026219367981, -0.310383141040802, -0.731561005115509, -0.22630251944065094, 0.8149389028549194, -0.5335370302200317], "cam_t_w2c": [-18.683835983276367, 37.2236328125, 710.6776733398438], "depth_scale": 1.0},
  "20": {"cam_K": [711.1112738715278, 0.0, 255.5, 0.0, 711.1112738715278, 255.5, 0.0, 0.0, 1.0], "cam_R_w2c": [0.9546966552734375, -0.028878631070256233, 0.29617616534233093, 0.22250817716121674, -0.5916006565093994, -0.7749186158180237, 0.19759659469127655, 0.8057138323783875, -0.5583734512329102], "cam_t_w2c": [-9.017394065856934, 39.2022590637207, 967.0419921875], "depth_scale": 1.0},
  "21": {"cam_K": [711.1112738715278, 0.0, 255.5, 0.0, 711.1112738715278, 255.5, 0.0, 0.0, 1.0], "cam_R_w2c": [-0.9489607810974121, -0.30096685886383057, -0.09429941326379776, -0.28641510009765625, 0.947539210319519, -0.1419009119272232, 0.13205985724925995, -0.10764962434768677, -0.9853789806365967], "cam_t_w2c": [1.9666156768798828, -0.5244545340538025, 989.1607666015625], "depth_scale": 1.0},
  "22": {"cam_K": [711.1112738715278, 0.0, 255.5, 0.0, 711.1112738715278, 255.5, 0.0, 0.0, 1.0], "cam_R_w2c": [-0.7549193501472473, -0.5939891934394836, 0.2779812812805176, -0.5646024942398071, 0.37300410866737366, -0.736268937587738, 0.33364760875701904, -0.7127726078033447, -0.6169558167457581], "cam_t_w2c": [-12.133517265319824, 28.347152709960938, 736.5894165039062], "depth_scale": 1.0},
  "23": {"cam_K": [711.1112738715278, 0.0, 255.5, 0.0, 711.1112738715278, 255.5, 0.0, 0.0, 1.0], "cam_R_w2c": [0.8456377387046814, -0.479709655046463, -0.23404164612293243, -0.2722278833389282, -0.010458219796419144, -0.9621759653091431, 0.45911744236946106, 0.8773649334907532, -0.13943420350551605], "cam_t_w2c": [16.963987350463867, 42.007415771484375, 1227.842529296875], "depth_scale": 1.0},
  "24": {"cam_K": [711.1112738715278, 0.0, 255.5, 0.0, 711.1112738715278, 255.5, 0.0, 0.0, 1.0], "cam_R_w2c": [-0.5572240352630615, -0.8206372857093811, -0.12671147286891937, -0.7614890933036804, 0.5658707022666931, -0.3161086440086365, 0.3311128616333008, -0.07965392619371414, -0.9402230978012085], "cam_t_w2c": [8.196195602416992, 7.529539108276367, 693.4889526367188], "depth_scale": 1.0},
  "25": {"cam_K": [711.1112738715278, 0.0, 255.5, 0.0, 711.1112738715278, 255.5, 0.0, 0.0, 1.0], "cam_R_w2c": [-0.7931878566741943, -0.39519280195236206, 0.4633311629295349, -0.542374849319458, 0.11247031390666962, -0.8325743675231934, 0.27691635489463806, -0.9116869568824768, -0.3035527765750885], "cam_t_w2c": [-21.788419723510742, 34.31268310546875, 614.0986938476562], "depth_scale": 1.0},
  "26": {"cam_K": [711.1112738715278, 0.0, 255.5, 0.0, 711.1112738715278, 255.5, 0.0, 0.0, 1.0], "cam_R_w2c": [0.9973074793815613, -0.0017735155997797847, -0.07331229001283646, -0.02287929505109787, -0.9573330283164978, -0.288080632686615, -0.06967334449291229, 0.2889822721481323, -0.9547959566116333], "cam_t_w2c": [7.556968688964844, 18.525623321533203, 930.2550048828125], "depth_scale": 1.0},
  "27": {"cam_K": [711.1112738715278, 0.0, 255.5, 0.0, 711.1112738715278, 255.5, 0.0, 0.0, 1.0], "cam_R_w2c": [0.44573935866355896, 0.846415638923645, -0.29137080907821655, 0.7876361012458801, -0.525513231754303, -0.3216598331928253, -0.42537716031074524, -0.08611774444580078, -0.900909423828125], "cam_t_w2c": [9.904895782470703, 20.915254592895508, 797.1547241210938], "depth_scale": 1.0},
  "28": {"cam_K": [711.1112738715278, 0.0, 255.5, 0.0, 711.1112738715278, 255.5, 0.0, 0.0, 1.0], "cam_R_w2c": [0.9541304707527161, -0.29546916484832764, 0.048301082104444504, -0.2932090759277344, -0.9548038244247437, -0.04876448214054108, 0.06052646413445473, 0.03236536309123039, -0.9976416826248169], "cam_t_w2c": [3.6777727603912354, 6.633359909057617, 1114.5350341796875], "depth_scale": 1.0},
  "29": {"cam_K": [711.1112738715278, 0.0, 255.5, 0.0, 711.1112738715278, 255.5, 0.0, 0.0, 1.0], "cam_R_w2c": [-0.16559551656246185, 0.9725289940834045, 0.163601815700531, 0.964641273021698, 0.1942245066165924, -0.1781686395406723, -0.20504964888095856, 0.12831313908100128, -0.9703043103218079], "cam_t_w2c": [-13.844758033752441, 10.945076942443848, 1040.2392578125], "depth_scale": 1.0},
  "30": {"cam_K": [711.1112738715278, 0.0, 255.5, 0.0, 711.1112738715278, 255.5, 0.0, 0.0, 1.0], "cam_R_w2c": [0.9942911267280579, 0.001391921890899539, -0.10669239610433578, -0.020897936075925827, -0.9780092835426331, -0.20751193165779114, -0.10463499277830124, 0.2085569202899933, -0.9723968505859375], "cam_t_w2c": [9.020440101623535, 15.047690391540527, 1212.96337890625], "depth_scale": 1.0},
  "31": {"cam_K": [711.1112738715278, 0.0, 255.5, 0.0, 711.1112738715278, 255.5, 0.0, 0.0, 1.0], "cam_R_w2c": [0.9117964506149292, -0.39111611247062683, -0.12512172758579254, -0.4071897268295288, -0.8217085599899292, -0.3987380266189575, 0.05313926935195923, 0.4145161807537079, -0.9084894061088562], "cam_t_w2c": [11.837709426879883, 21.031347274780273, 1122.2762451171875], "depth_scale": 1.0},
  "32": {"cam_K": [711.1112738715278, 0.0, 255.5, 0.0, 711.1112738715278, 255.5, 0.0, 0.0, 1.0], "cam_R_w2c": [0.6773147583007812, 0.6772289276123047, -0.2874120771884918, 0.14647378027439117, -0.5069815516471863, -0.8494205474853516, -0.7209647297859192, 0.533226728439331, -0.4425823986530304], "cam_t_w2c": [11.727412223815918, 41.710044860839844, 715.600341796875], "depth_scale": 1.0},
  "33": {"cam_K": [711.1112738715278, 0.0, 255.5, 0.0, 711.1112738715278, 255.5, 0.0, 0.0, 1.0], "cam_R_w2c": [0.6994946002960205, 0.7052679657936096, -0.11534542590379715, 0.6421446800231934, -0.691129207611084, -0.3316496014595032, -0.31362032890319824, 0.15791869163513184, -0.9363252520561218], "cam_t_w2c": [3.945646286010742, 21.729949951171875, 878.61328125], "depth_scale": 1.0},
  "34": {"cam_K": [711.1112738715278, 0.0, 255.5, 0.0, 711.1112738715278, 255.5, 0.0, 0.0, 1.0], "cam_R_w2c": [-0.9721353054046631, 0.23050598800182343, -0.042661674320697784, 0.20189878344535828, 0.7308089137077332, -0.6520392894744873, -0.11912143230438232, -0.6424837112426758, -0.7569839954376221], "cam_t_w2c": [-3.619339942932129, 25.712106704711914, 803.4320678710938], "depth_scale": 1.0},
  "35": {"cam_K": [711.1112738715278, 0.0, 255.5, 0.0, 711.1112738715278, 255.5, 0.0, 0.0, 1.0], "cam_R_w2c": [0.5275272727012634, -0.8262364268302917, 0.1976066380739212, -0.7491803765296936, -0.5621218681335449, -0.35035425424575806, 0.4005544185638428, 0.03677844628691673, -0.9155347347259521], "cam_t_w2c": [-1.665305256843567, 15.852160453796387, 1115.7855224609375], "depth_scale": 1.0},
  "36": {"cam_K": [711.1112738715278, 0.0, 255.5, 0.0, 711.1112738715278, 255.5, 0.0, 0.0, 1.0], "cam_R_w2c": [-0.6973382234573364, -0.7067781686782837, -0.11909676343202591, -0.5887987017631531, 0.6596444845199585, -0.4671030640602112, 0.40869975090026855, -0.2556048035621643, -0.8761453628540039], "cam_t_w2c": [6.576384544372559, 14.472577095031738, 697.737548828125], "depth_scale": 1.0},
  "37": {"cam_K": [711.1112738715278, 0.0, 255.5, 0.0, 711.1112738715278, 255.5, 0.0, 0.0, 1.0], "cam_R_w2c": [-0.6906756162643433, 0.4293392300605774, -0.5819242596626282, 0.7084968686103821, 0.24048149585723877, -0.6634765863418579, -0.14491434395313263, -0.8705382347106934, -0.4702804386615753], "cam_t_w2c": [20.556682586669922, 31.317502975463867, 821.51318359375], "depth_scale": 1.0},
  "38": {"cam_K": [711.1112738715278, 0.0, 255.5, 0.0, 711.1112738715278, 255.5, 0.0, 0.0, 1.0], "cam_R_w2c": [0.14559495449066162, -0.9893421530723572, 0.002057700650766492, -0.9524792432785034, -0.14073196053504944, -0.27014413475990295, 0.26755455136299133, 0.03737170994281769, -0.9628177285194397], "cam_t_w2c": [6.437741279602051, 8.873448371887207, 1123.361083984375], "depth_scale": 1.0},
  "39": {"cam_K": [711.1112738715278, 0.0, 255.5, 0.0, 711.1112738715278, 255.5, 0.0, 0.0, 1.0], "cam_R_w2c": [0.40452975034713745, -0.8851853609085083, 0.2297881543636322, -0.2713834047317505, -0.35613930225372314, -0.8941565752029419, 0.8733308911323547, 0.2993522584438324, -0.3842935860157013], "cam_t_w2c": [-3.280942440032959, 41.02794647216797, 952.3458251953125], "depth_scale": 1.0},
  "40": {"cam_K": [711.1112738715278, 0.0, 255.5, 0.0, 711.1112738715278, 255.5, 0.0, 0.0, 1.0], "cam_R_w2c": [-0.4958302974700928, 0.7645858526229858, 0.4117777645587921, 0.44251248240470886, 0.6304380893707275, -0.6377543210983276, -0.7472183108329773, -0.13400107622146606, -0.6509290933609009], "cam_t_w2c": [-25.133346557617188, 26.699710845947266, 750.702880859375], "depth_scale": 1.0},
  "41": {"cam_K": [711.1112738715278, 0.0, 255.5, 0.0, 711.1112738715278, 255.5, 0.0, 0.0, 1.0], "cam_R_w2c": [0.9107514023780823, -0.4091598093509674, 0.05585835501551628, -0.3855709433555603, -0.8909786343574524, -0.23977485299110413, 0.1478748470544815, 0.196837916970253, -0.9692201614379883], "cam_t_w2c": [3.8324828147888184, 14.415410995483398, 865.690185546875], "depth_scale": 1.0},
  "42": {"cam_K": [711.1112738715278, 0.0, 255.5, 0.0, 711.1112738715278, 255.5, 0.0, 0.0, 1.0], "cam_R_w2c": [-0.9810514450073242, 0.012458366341888905, 0.1933462917804718, -0.1614503413438797, 0.49910327792167664, -0.851369321346283, -0.10710643976926804, -0.8664529323577881, -0.4876345992088318], "cam_t_w2c": [-12.92930793762207, 34.47395324707031, 1152.9290771484375], "depth_scale": 1.0},
  "43": {"cam_K": [711.1112738715278, 0.0, 255.5, 0.0, 711.1112738715278, 255.5, 0.0, 0.0, 1.0], "cam_R_w2c": [0.3932332992553711, 0.7014400959014893, 0.5944320559501648, 0.7275776267051697, 0.15787804126739502, -0.6676117777824402, -0.5621374249458313, 0.6950226426124573, -0.44826918840408325], "cam_t_w2c": [-29.140438079833984, 32.0775260925293, 726.8768920898438], "depth_scale": 1.0},
  "44": {"cam_K": [711.1112738715278, 0.0, 255.5, 0.0, 711.1112738715278, 255.5, 0.0, 0.0, 1.0], "cam_R_w2c": [-0.9245584011077881, -0.3217335045337677, 0.204154834151268, -0.3721511960029602, 0.8774977326393127, -0.3024916648864746, -0.08182370662689209, -0.3556476831436157, -0.9310314059257507], "cam_t_w2c": [-11.176600456237793, 6.722431659698486, 947.7630004882812], "depth_scale": 1.0},
  "45": {"cam_K": [711.1112738715278, 0.0, 255.5, 0.0, 711.1112738715278, 255.5, 0.0, 0.0, 1.0], "cam_R_w2c": [0.45511701703071594, -0.8871946930885315, -0.07585583627223969, -0.672134518623352, -0.28641557693481445, -0.6827894449234009, 0.5840408802032471, 0.36173444986343384, -0.7266668081283569], "cam_t_w2c": [10.641063690185547, 29.428998947143555, 1109.6014404296875], "depth_scale": 1.0},
  "46": {"cam_K": [711.1112738715278, 0.0, 255.5, 0.0, 711.1112738715278, 255.5, 0.0, 0.0, 1.0], "cam_R_w2c": [-0.7430923581123352, 0.6690847873687744, 0.01180705800652504, 0.21644803881645203, 0.25700992345809937, -0.9418578743934631, -0.6332172751426697, -0.6973317265510559, -0.3358042538166046], "cam_t_w2c": [-7.6996378898620605, 41.58837890625, 996.2435913085938], "depth_scale": 1.0},
  "47": {"cam_K": [711.1112738715278, 0.0, 255.5, 0.0, 711.1112738715278, 255.5, 0.0, 0.0, 1.0], "cam_R_w2c": [-0.9239377379417419, 0.18876232206821442, -0.3327292501926422, 0.363407164812088, 0.704755961894989, -0.6093065142631531, 0.11947885900735855, -0.683877170085907, -0.719748318195343], "cam_t_w2c": [9.831732749938965, 24.643342971801758, 970.1050415039062], "depth_scale": 1.0},
  "48": {"cam_K": [711.1112738715278, 0.0, 255.5, 0.0, 711.1112738715278, 255.5, 0.0, 0.0, 1.0], "cam_R_w2c": [0.6156760454177856, 0.7862370610237122, 0.052671100944280624, 0.7820607423782349, -0.6014789342880249, -0.16310778260231018, -0.09656082838773727, 0.14161355793476105, -0.985201358795166], "cam_t_w2c": [-4.423714637756348, 14.24148178100586, 677.7391357421875], "depth_scale": 1.0},
  "49": {"cam_K": [711.1112738715278, 0.0, 255.5, 0.0, 711.1112738715278, 255.5, 0.0, 0.0, 1.0], "cam_R_w2c": [0.9666427969932556, -0.01045717392116785, -0.25591474771499634, -0.1656501144170761, -0.7875938415527344, -0.5935121774673462, -0.19535033404827118, 0.6161065697669983, -0.7630541920661926], "cam_t_w2c": [15.658952713012695, 30.586322784423828, 751.1390380859375], "depth_scale": 1.0}
}